1.0
1.0151023182058445
1.0302046364116892
1.0453069546175338
1.0604092728233785
1.075511591029223
1.0906139092350675
1.1057162274409122
1.1208185456467568
1.1359208638526013
1.151023182058446
1.1661255002642905
1.1812278184701352
1.1963301366759798
1.2114324548818243
1.226534773087669
1.2416370912935135
1.2567394094993583
1.2718417277052028
1.2869440459110473
1.302046364116892
1.3171486823227365
1.332251000528581
1.3473533187344258
1.3624556369402703
1.377557955146115
1.3926602733519595
1.407762591557804
1.4228649097636488
1.0
1.0192274414043723
1.0384548828087445
1.057682324213117
1.0769097656174893
1.0961372070218616
1.1153646484262338
1.1345920898306063
1.1538195312349786
1.1730469726393509
1.1922744140437231
1.2115018554480956
1.230729296852468
1.2499567382568402
1.2691841796612124
1.2884116210655847
1.3076390624699572
1.3268665038743295
1.3460939452787017
1.365321386683074
1.3845488280874465
1.4037762694918188
1.423003710896191
1.4422311523005633
1.4614585937049356
1.480686035109308
1.4999134765136803
1.5191409179180526
1.5383683593224249
1.5575958007267974
1.5768232421311696
1.596050683535542
1.6152781249399142
1.6345055663442867
1.653733007748659
1.6729604491530312
1.6921878905574035
1.7114153319617758
1.0
1.018178843461979
1.036357686923958
1.0545365303859369
1.0727153738479158
1.0908942173098948
1.1090730607718737
1.1272519042338527
1.1454307476958316
1.1636095911578106
1.1817884346197896
1.1999672780817685
1.2181461215437475
1.2363249650057264
1.2545038084677054
1.2726826519296843
1.2908614953916633
1.3090403388536422
1.327219182315621
1.3453980257776
1.3635768692395789
1.3817557127015578
1.3999345561635368
1.4181133996255157
1.4362922430874947
1.4544710865494737
1.4726499300114526
1.4908287734734316
1.5090076169354105
1.5271864603973895
1.5453653038593684
1.0
1.0095174645474445
1.019034929094889
1.0285523936423338
1.0380698581897783
1.0475873227372228
1.0571047872846673
1.066622251832112
1.0761397163795565
1.085657180927001
1.0951746454744455
1.1046921100218903
1.1142095745693348
1.1237270391167793
1.1332445036642238
1.1427619682116683
1.152279432759113
1.1617968973065576
1.171314361854002
1.1808318264014466
1.1903492909488913
1.1998667554963358
1.2093842200437803
1.2189016845912248
1.2284191491386696
1.237936613686114
1.2474540782335586
1.256971542781003
1.2664890073284476
1.2760064718758923
1.2855239364233368
1.2950414009707814
1.3045588655182259
1.3140763300656706
1.323593794613115
1.3331112591605596
1.0
1.0151494493175173
1.0302988986350345
1.0454483479525518
1.0605977972700693
1.0757472465875866
1.0908966959051039
1.1060461452226211
1.1211955945401384
1.1363450438576557
1.1514944931751732
1.1666439424926904
1.1817933918102077
1.196942841127725
1.2120922904452422
1.2272417397627595
1.242391189080277
1.2575406383977943
1.2726900877153116
1.2878395370328288
1.302988986350346
1.3181384356678634
1.3332878849853809
1.3484373343028981
1.3635867836204154
1.3787362329379327
1.39388568225545
1.4090351315729672
1.4241845808904847
1.439334030208002
1.4544834795255193
1.4696329288430365
1.4847823781605538
1.499931827478071
1.5150812767955886
1.0
1.0114930639359148
1.0229861278718293
1.034479191807744
1.0459722557436586
1.0574653196795734
1.0689583836154881
1.0804514475514027
1.0919445114873174
1.1034375754232322
1.1149306393591467
1.1264237032950615
1.137916767230976
1.1494098311668908
1.1609028951028055
1.17239595903872
1.1838890229746348
1.1953820869105496
1.2068751508464641
1.2183682147823789
1.2298612787182934
1.2413543426542082
1.252847406590123
1.2643404705260375
1.2758335344619522
1.2873265983978668
1.2988196623337815
1.3103127262696963
1.3218057902056108
1.3332988541415256
1.0
1.0133304894955744
1.0266609789911485
1.0399914684867229
1.0533219579822972
1.0666524474778714
1.0799829369734457
1.0933134264690199
1.1066439159645942
1.1199744054601686
1.1333048949557427
1.146635384451317
1.1599658739468914
1.1732963634424656
1.18662685293804
1.199957342433614
1.2132878319291884
1.2266183214247628
1.239948810920337
1.2532793004159113
1.2666097899114857
1.2799402794070598
1.2932707689026341
1.3066012583982083
1.3199317478937826
1.333262237389357
1.3465927268849311
1.0
1.0151464663294054
1.0302929326588106
1.045439398988216
1.0605858653176214
1.0757323316470266
1.090878797976432
1.1060252643058375
1.121171730635243
1.136318196964648
1.1514646632940535
1.166611129623459
1.1817575959528641
1.1969040622822695
1.212050528611675
1.2271969949410801
1.2423434612704856
1.257489927599891
1.2726363939292964
1.2877828602587016
1.302929326588107
1.3180757929175124
1.3332222592469176
1.348368725576323
1.3635151919057285
1.3786616582351336
1.393808124564539
1.4089545908939445
1.42410105722335
1.439247523552755
