1.0
0.9982152761458492
0.9961807351510967
0.9938780326631228
0.9912883079293605
0.9883921900317733
0.9851698041213343
0.9816007776525043
0.9776642466177085
0.9733388617818165
0.9686027949166193
0.963433745035307
0.9578089446269493
0.9517051658909702
0.9450987269716287
0.937965498192496
0.9302809082909335
0.9220199506525726
0.9131571895457887
0.9036667663561843
0.8935224058210645
0.8826974222639142
0.8711647258288789
0.8588968287152416
0.8458658514118996
0.8320435289318446
0.8174012170466394
0.8019098985208973
0.7855401893467602
1.0
0.9988767210891732
0.9975973349990919
0.9961522780084343
0.9945319364536709
0.9927266615523255
0.9907267842262355
0.9885226299248122
0.9861045334483016
0.983462853771045
0.9805879888647395
0.9774703905216979
0.9741005791781099
0.9704691587373028
0.966566831393001
0.9623844124525878
0.9579128451603646
0.9531432155208128
0.9480667671218537
0.9426749159581075
0.936959265254157
0.9309116202878056
0.9245240032133386
0.9177886678847836
0.9106981146791718
0.9032451053197968
0.895422677699477
0.887224160703815
0.8786431890344586
0.8696737180323606
0.8603100385010405
0.850546791529844
0.8403789833172038
0.8298019999939004
0.8188116224463226
0.8074040411397274
0.7955758709415011
0.7833241659444198
1.0
0.99919373460106
0.9982318338105561
0.9970937945219415
0.9957575063562071
0.9941991942172574
0.992393360847284
0.9903127293821394
0.9879281859067125
0.9852087220103015
0.9821213773419889
0.9786311821660161
0.9747010999171565
0.9702919697560907
0.9653624491247804
0.9598689563018431
0.9537656129579257
0.9470041867110789
0.9395340336821317
0.9313020410500655
0.9222525696073887
0.9123273963155101
0.9014656568601142
0.889603788206535
0.8766754711551294
0.8626115728966531
0.8473400895676338
0.8307860888057456
0.8128716523051831
0.7935158183720364
0.7726345244796642
1.0
0.9989986891364744
0.9978627472142602
0.99658176143029
0.9951448761230408
0.9935407845639902
0.9917577207490732
0.9897834511901372
0.9876052667063988
0.985209974215901
0.9825838885269664
0.9797128241296577
0.976582086987229
0.9731764663275868
0.9694802264347427
0.9654770984402712
0.9611502721147658
0.9564823876592936
0.9514555274968545
0.9460512080638345
0.9402503716014635
0.9340333779472717
0.9273799963265436
0.9202693971437771
0.9126801437741374
0.9045901843549147
0.8959768435769804
0.8868168144762412
0.8770861502250985
0.8667602559239005
0.8558138803924035
0.844221107961224
0.8319553502632956
0.8189893380253283
0.8052951128592581
0.7908440190537122
1.0
0.9992360451274351
0.9983438489462745
0.9973110011813151
0.9961244172829563
0.9947703216975798
0.9932342311379285
0.9915009378534874
0.9895544929008625
0.9873781894141608
0.9849545458753702
0.9822652893847396
0.9792913389311576
0.9760127886625337
0.9724088911561766
0.9684580406891751
0.9641377565087775
0.9594246661027716
0.9542944884698634
0.9487220173900587
0.9426811046950412
0.9361446435385529
0.9290845516667745
0.9214717546887041
0.9132761693465372
0.9044666867860477
0.8950111558269659
0.8848763662333592
0.8740280319840118
0.8624307745428045
0.8500481061290944
0.8368424129880949
0.8227749386612543
0.8078057672566376
0.7918938067193044
1.0
0.9989963144010001
0.9977963551105273
0.9963802437990045
0.9947270368885436
0.9928147010309889
0.9906200885859455
0.9881189130988199
0.9852857247788546
0.9820938859771614
0.9785155466647601
0.9745216199106129
0.9700817573596595
0.9651643247108544
0.9597363771952004
0.9537636350537861
0.9472104590158209
0.9400398257766701
0.9322133034758923
0.9236910271752717
0.9144316743368591
0.9043924403010019
0.8935290137643828
0.8817955522580555
0.8691446576254803
0.8555273515005583
0.8408930507856675
0.8251895431297018
0.808362962406101
0.7903577641908905
1.0
0.9987082700135685
0.9971557068966432
0.9953138781450023
0.9931526590721765
0.9906401887552322
0.987742825980563
0.9844251051896736
0.9806496924249677
0.9763773412755347
0.9715668488229374
0.9661750115869983
0.9601565814715861
0.9534642217104039
0.9460484628127755
0.9378576585094327
0.9288379416983008
0.9189331803902883
0.9080849336550703
0.8962324075668795
0.8833124111502899
0.8692593123260053
0.8540049938566452
0.8374788092925339
0.8196075389174847
0.8003153456945896
0.7795237312120047
1.0
0.9991640661385794
0.9981544151074317
0.9969488555116378
0.9955236232237265
0.9938533328054694
0.9919109289296811
0.9896676378020164
0.987092918582767
0.9841544148086615
0.98081790581466
0.9770472581557557
0.9728043770287699
0.9680491576941499
0.9627394368977701
0.9568309442927242
0.9502772538611286
0.9430297353359174
0.9350375056226389
0.9262473802212576
0.9166038246479469
0.9060489058568926
0.8945222436620841
0.881960962159119
0.8682996411469951
0.8534702675499131
0.8374021868390701
0.8200220544544599
0.8012537872266723
0.7810185147986852
